4614
528
3851,3854,3857,3860
4556,5189
5320
2996,3080-3081,3286
5043,5045
1479
1321,4032
5054,5692
6551
4336
4147
3434
5139
304
629,4646,5043,5045,6030
2160,2360
1362
878
2462
2747
943
6296,6298
3482
2064
4032
4619,4853
3772
2992
3721
4252-4254,4323
1865
3419
3278,5043,5045
679,3936
301
5410
4229,5166
389,3268,5393,5698
6737-6738,7168
2617-2618,3891,4191
3254-3255,3259,3261
300,1223,2693,2704,4301,5341
4055
2749
1524,6168
2747,2749
1135
3297,3545,4820
3316
6482
2390
2678
3854,3857,4336
3675,5043,5045
4605
2045,5623
5301
5860-5862
66,1267,4336
6296
264
3816
5043,5045,6954
3429
2652-2653
5380
6564
4041
1859
1297
808,5452
3861
6064
5334
1797
371,2139,2437
3854,3857,4336,6731-6733
5141-5142
4840
4269
918,3796,6202
3851,3854,3857,3860,5043,5045
4541
6672
161,871-872,2706
513
4711,5078
430,2052,3000-3001
2983
1524
261
2745
4288
5072
3605
3854,3857
5096
118,123,3547
