1
1000
1002
1002,2671
1003
1003,1790,4455,6918
100,3227
1006
101
1012
1017
1019,4306,6021
102
1020
1020-1021
1022
102,360
102,3851,3854,3857,3860,5043,5045
102,5043,5045
1025,3343
1025,3343-3344
102,5625
102,603
1028
1028,4010,4030,4038,4043,4056,4232,4431,5200
103
103,105
103,105,112
103,112
103,112,4731
1034,2639
1034,2639,6395
1035
1035,6937,7115
1035,7115
1036,1151
1037
1038
1040
1041
1042
1042,2650
1047
105,112
1051,2589
1058
1058,2589
1061,7135
1062
1063
1064
1067
1072
1072,7207
1073
1074
1074,2954
1074,5031
1074,5454
1075,3187-3188,3190
1075,3187-3190
1079,2995,4777
1082,4136
1086
1086-1087
1086-1088
1086,1088
1086,1209
1087
1089
109
1091
1091-1092
109,112
109,112,6042
109,1865
1092,4810-4811
1098,3557,7005
1099
1099,5302
1099,5788
11
1100
1100,2512,6024
1100,2512,6024,6715
1100,4495
1100,6715
110,112,4949-4950,5325,5850,5942,7155-7156
1101,1376,2698
1104
1104,5803
1104,5956,6531,6533,6537,6539-6540
1104,5985
1104,6015
1106
1106,4530
1107
1107,3557,7005
1109
1109,1267,5054,5807
