1
100
1000
1000,4743
1000,5157-5160,5624
1000,5624
1000,5624,5884
1000,5624,5897
1000,5790
1000,5884
1001
1001,1413,5896,6915
1001,1790
1001,6915
1002
1002,2671
1002,3278,5043,5045
1003
1003,1790,4455,6918
1003,1790,5624,5897,6918
1003,1790,5624,6917-6918
1003,1790,5624,6918
100,3227
1003,2822,5884
1003,5624,5897
1003,5624,5897,6918
1003,5624,6918
1003,6918
1004,3343-3344
1004,3343-3345
1004,3343,4395,4949
1004,3344,4395,4949
1004,4395
1004,4395,4949
1004,4395,4949-4950
1004,4949-4950
1005
1005,5723,6533-6534,6540
1005,6533-6534,6540
1005,6533-6534,6540,6548
1005,6534
1005,6534-6535,6540
1005,6534,6540
1005,6534,6540,6548
1005,6540
1006
1006,2394
1006,4030,4043,4232,5200
1006,4510,5734
1006,4854,5157-5160
1007,2257,5475,5477,6965
1008,2699,2806,4292,4299
1009
101
1010
1010,2479,7127
1010,5578
1010,5734,5738-5739,6981
1010,6424
1011
1012
1012,3608,4853
1013
101,327-331,4902
1014,1462,7091,7113-7115,7172,7178,7182-7183,7185,7222
1015
1015,3435,6069
101,5942
1016,1777
1017
1017-1018,4387,4601
1017,2568
1017,4599,4601
1017,4601
1017,5660
1018
1018,2424,5275
1018,2783-2784,2790-2791,2793,2795,2799,2801,4309
1018,4309
1018,4309,5570
1018,5570
1019
1019,2783-2784,2790-2793,2796,2798-2801,5695,6021
1019,3698,4306,5043,5045,6021
1019,4306
1019,4306,6021
102
1020
1020-1021
1020-1021,1167
1020-1021,2198
1020-1022
1020,1022
1020,1277,3350
1021
102,1524
102,197,360,3100,3278,5043,5045,6942
1022
102,2171
102,2208,3851,3854,3857,3913-3914,5043,5045,6451
